```
325397
324358
324693
325111
324699
324967
326253
324640
324819
320089
325413
324542
111957
324467
324644
324499
326560
322345
324614
324778
325140
326087
324981
324755
324869
325202
325430
325088
325115
324669
324581
324862
326091
325066
325589
324835
325390
103310
325088
324932
322759
325045
325059
324627
324631
325019
324599
324643
325889
325034
325001
324744
326452
324770
324601
324585
326619
324579
324758
324802
324877
324769
324976
325496
324645
325390
325328
324673
325121
325021
325021
325823
111115
325613
324712
326124
324794
324888
324774
325024
326237
324680
315508
324687
324764
324653
324751
324970
325390
324918
324750
324713
324713
324799
325390
326436
324794
324730
324860
324741
324756
324834
324934
324766
324798
324843
325140
324865
324824
324844
324978
325390
324827
324720
324699
326710
324760
324990
325496
325496
324772
324867
324892
326309
324906
324908
324907
326577
324838
325390
324845
324813
324927
325462
324716
326364
324719
324896
324911
325095
324865
324769
324952
325390
324738
326399
325397
324971
324815
324789
324867
324945
325899
324782
111168
324958
324824
325153
326411
324784
324842
324944
325895
324964
324902
324983
324917
325011
325021
324936
325021
324936
324812
325839
326341
324826
325390
325122
324921
324981
326748
325390
325366
325021
324927
325124
324928
325666
324846
324975
325624
325624
324936
324933
325397
325039
325021
324828
325499
325984
324935
325054
324920
325990
325394
324789
325081
325191
324982
325303
325014
325459
325121
325390
325053
325406
319914
326789
325110
325288
325741
325436
324985
325022
324961
325291
325290
325366
325015
326040
325312
325390
326210
325260
325033
325285
325065
323964
326607
325154
324789
325891
325175
325042
326402
325286
325081
324975
324998
324970
324979
325198
325478
325124
325506
325038
325127
325177
325990
325139
325660
325280
325159
325142
325155
325418
325117
320413
326737
325034
325088
325073
325071
325035
325020
325053
325037
325099
325042
325038
325055
325079
325423
325116
325161
326496
326424
325596
325236
326506
325163
325252
325205
325686
325615
325106
325147
325140
325237
325137
325603
325260
325148
325256
325262
325343
325209
326446
325271
325152
324807
325352
325608
325450
326196
325250
325397
326402
325397
325492
325248
325158
325084
325262
325406
325211
325970
325280
326560
323964
325259
325246
325275
325278
325243
325375
325612
325415
325833
325387
325298
325450
325751
325344
325276
326454
325258
111785
325232
325255
325263
325699
325334
325457
325400
325325
325305
325333
325856
326196
325341
325386
325549
325477
326402
325274
325492
325333
325315
325620
325491
325474
325279
325431
325319
325486
325652
317823
325348
324875
326196
326364
325602
325323
325420
325354
325541
325476
325289
325258
325235
325557
325493
325451
325405
325639
325297
326402
325354
325584
325349
323496
325473
325651
325451
325653
325508
325854
325404
325257
325424
325471
325711
325481
325557
111497
322457
325594
325501
325620
325557
325425
324127
325789
325643
325707
325320
325328
325362
326204
325342
325327
325330
325447
319486
325402
325450
325474
325625
325888
325587
326445
325888
326791
325605
325749
326198
325889
325647
326402
325376
325684
325365
325793
325716
325406
325446
325647
325786
326160
325450
324967
325654
325918
325770
325825
325412
325518
325729
325413
321448
325595
325526
325440
326060
325891
325454
325765
325462
326253
326252
325550
325675
325660
325661
325635
325581
325385
325512
326802
326402
325895
325430
325466
325464
325567
325475
325769
325436
325586
325521
325435
325839
326145
325543
325847
326198
325811
325809
325623
326603
325842
325694
325594
325650
325511
325749
325924
325689
326001
326392
326558
325859
325523
325552
325550
320552
326675
325610
325669
325536
325588
323520
325548
325611
325582
325591
325672
325670
325644
325810
326705
325784
324025
325763
325775
323953
325906
325723
325896
325482
325540
325866
325725
326098
326454
326432
326401
325824
325752
325522
325746
325616
325873
325580
326510
325594
325757
325809
326253
325765
326252
323207
325668
320552
325600
326402
326789
325673
326115
325727
325883
325583
325751
325833
325762
325684
325738
325730
326378
326001
325597
325889
326728
325833
325669
326504
325846
325863
326049
326076
326243
325745
325633
325889
325887
325727
325886
325791
325637
326661
326082
326185
325627
325633
326496
325663
325842
325609
325665
325296
325666
325890
326061
325699
325713
326722
326090
325741
326140
326039
326086
326686
325912
325842
326635
326086
326402
325915
326083
325827
326060
325910
325909
325909
326407
325741
325879
323541
326009
325802
326140
325856
325843
325900
325837
325812
326020
325822
325891
326483
325667
326066
325897
325983
325876
325897
325856
325726
325872
325858
326427
326309
325978
325925
325987
325855
326057
322632
326040
323964
325900
325857
325903
326434
325903
325857
325850
326026
325851
326026
326081
326207
325901
326480
326447
326447
325774
326386
326299
325982
326046
322015
326196
325878
326347
326567
325998
326779
322711
326402
326160
321470
326618
325985
326058
326017
326027
325980
325802
326506
325977
326411
326489
326237
326108
325901
326244
324605
326244
326033
326250
325988
326056
325843
326021
326249
326026
323722
325970
325926
326003
325980
326175
326250
326218
325974
326261
326034
326085
325973
326275
326346
325984
325977
325934
326087
326477
326077
326102
326304
326171
325991
326244
326266
326472
326254
326131
326217
326198
326217
324997
326002
326131
326149
326244
326137
326088
326131
326158
326368
326108
326187
326234
326313
326154
326187
323541
326045
326039
321470
326105
326576
326194
326183
326204
326527
326047
326722
326722
326639
326145
326207
326287
326347
324074
326140
326041
326083
326465
326361
326043
326543
326099
326603
326577
326501
326177
326731
326331
326408
326357
326411
326546
326686
326075
326238
326199
326544
326411
326247
326033
326028
326750
326165
326253
326456
326296
326034
326597
326689
326147
326278
326286
326511
326177
326184
326256
326192
326367
326242
315508
326284
326168
326304
326687
326119
326147
326262
326198
326157
326346
326378
326341
326237
326112
326424
326301
326181
326364
326314
326173
326372
326206
326153
326153
326174
326252
326172
326230
326144
326348
326302
326261
326186
326654
326510
326774
326178
326755
326138
312338
326682
326173
326226
326161
326481
326410
326292
326190
326154
326435
326146
326445
326546
326285
326763
326701
326699
326407
326339
326451
325492
326328
326370
326453
326470
326338
326325
326497
326455
326098
326454
326489
326488
323943
326552
326590
326488
326335
326747
326653
326546
326329
326384
326659
326326
326265
326438
326436
326583
325725
326338
326420
326439
326471
326392
326383
326542
326539
326377
326546
326621
326553
326426
326495
326372
326353
326465
326229
326680
326345
326522
326355
326527
326693
326467
326538
326664
326332
326458
326394
326672
326558
326399
326544
326591
326567
326371
326526
326527
326802
326533
326764
326701
326540
326512
326465
326513
326552
326420
326618
326467
326642
326498
326436
326540
326533
326701
326639
326627
326572
326588
326547
326571
326760
326607
326504
326747
326603
326763
326778
326496
315508
326715
326684
326755
326506
326707
326598
326635
326487
326602
326529
326718
326605
326577
326533
326578
326627
326612
326649
326772
326576
326629
326596
326615
326592
326579
326609
326802
326626
326560
326688
326535
326802
326564
326705
326688
326532
324558
326604
326632
326549
316622
326656
326645
326641
326654
326723
326665
326795
326677
326628
326728
326706
326807
326738
326652
326715
324558
326658
326800
326565
326580
323966
326704
326532
326581
326704
326675
323889
326614
326595
323893
326808
326783
326743
315055
326638
315055
326679
326704
326746
326732
326685
326646
326804
326802
326807
326794
324074
323889
326806
326789
323964
326819
326796
326828
326803
326673
326809
326709
323971
326792
326777
326670
326806
323969
326812
326810
326826
326800
112406
321620
323889
326176
325720
323889
323766
323999
324579
324792
323889
311081
325125
325606
```